[back.jpg]
filters=IR=1,0.000000;
moddate=192d0c053857d101
width=1358
height=708
textactive=0
[back.1.jpg]
filters=radsat=1,0.674514,0.774067,0.754386,0.163743;
moddate=0a0559c03f57d101
width=1358
height=708
textactive=0
